dipoleSeparation_DDD
25.311394008759500
22.045407685048600
22.045407685048600
22.861904265976300
26.127890589687200
23.67840084690410
25.311394008759500
22.861904265976300
25.311394008759500
23.67840084690410
26.127890589687200
23.67840084690410
22.045407685048600
24.494897427831800
24.494897427831800
22.045407685048600
12.247448713915900
17.962924780410000
23.67840084690410
18.779421361337700
17.14642819948230
15.513435037626800
21.228911104120900
25.311394008759500
13.880441875771300
25.311394008759500
20.412414523193200
14.696938456699100
7.348469228349540
11.430952132988200
7.348469228349540
9.797958971132720
4.898979485566360
9.797958971132720
8.164965809277260
10.614455552060400
5.715476066494080
6.531972647421810
4.898979485566360
11.430952132988200
8.981462390204990
4.08248290463863
5.715476066494080